
n_cell = 1792 2 2
max_grid_size = 15 2 2
x_periodic = 0

nsteps = 3000
start_step = 0 # If this is not zero we will try to do a restart from a plotfile
output_interval = 10 ;
checkpoint_interval = 500 ;
dt = 0.5
data_folder_name = "Bernstein_Data_out"

q = -3.20435324
m = 18854.255231376184
v = 0.01061656840067773
ppc = 100

E_init = 0 0 0
B_init = 0 0 52.6480455412605
source_pos = 4
source_comp = 1
E0 = 0.31929995744680856
omega = 0.014490075730991205
